446.4
229.68
479.31
132.0
458.21
125.5
476.12
266.47
282.45
302.47
214.88
286.07
324.4
425.57
329.62
588.53
455.56
445.13
562.83
488.16
375.65
114.5
420.06
263.2
422.08
183.5
425.34
336.47
309.68
588.36
371.96
383.35
420.41
257.38
222.5
226.5
333.04
130.78
461.96
303.29
117.0
179.0
225.0
386.93
303.72
116.0
466.22
164.5
359.17
292.15
509.15
383.47
145.5
495.67
409.89
348.18
517.93
397.73
164.76
432.06
250.69
232.0
339.04
157.5
459.57
439.42
304.95
441.37
449.71
494.38
325.94
307.68
293.94
496.91
239.39
449.03
234.63
401.0
391.0
217.03
229.0
275.33
306.61
216.5
307.5
468.68
349.58
241.0
156.5
467.25
176.0
437.65
426.29
176.77
310.91
329.17
365.66
193.0
383.75
323.93
826.22
1558.79
851.52
1692.08
1135.76
625.59
1425.5
1502.68
790.79
1424.28
764.49
1560.88
1413.56
1551.95
1580.88
1507.41
808.19
755.08
1321.38
783.46
1658.16
1631.95
908.76
1163.54
800.64
1648.9
758.45
341.85
610.17
808.0
1483.42
963.04
1088.48
852.5
1423.94
787.33
1170.73
1360.58
1486.42
901.36
777.89
1201.81
1135.51
824.0
1068.33
1351.83
1666.51
1591.89
870.54
1465.48
859.5
1566.97
1021.61
1498.0
1187.78
1110.74
1198.01
1284.2
815.62
750.83
1373.83
601.64
1149.58
903.25
1486.92
1370.13
723.03
293.88
1644.78
533.5
755.11
933.35
850.49
1113.65
1192.04
1477.16
1588.15
769.42
641.68
797.49
1538.23
1337.73
1138.47
1669.79
1073.58
1096.79
832.9
873.79
891.99
1498.65
1605.55
1266.11
981.02
577.01
482.24
1154.07
1021.11
672.8
693.32
902.45
1934.05
1622.95
1570.51
1070.91
1590.43
1964.51
1186.0
1017.5
1259.0
1757.65
1643.26
1461.34
1558.14
1149.42
1724.27
1761.46
1165.26
1199.44
1947.55
1666.7
1183.0
1371.95
1932.55
1719.79
1642.01
947.25
1339.12
1749.89
1123.53
1694.28
717.5
1595.54
1207.5
1151.66
1018.21
1751.93
1235.0
1560.21
1696.52
1603.12
1192.01
1573.55
866.5
1573.86
1704.44
1804.56
1959.73
1796.8
1707.24
1824.49
1342.0
1378.0
1778.29
1597.92
1895.86
1158.53
1531.74
912.0
1627.18
1285.84
1536.59
1335.85
1868.09
1397.5
1195.71
1777.02
1772.87
1359.69
1421.18
1945.57
1673.36
1804.28
1505.55
1153.0
981.5
1000.96
1881.17
1345.94
1546.4
1060.5
1947.5
1273.76
1487.27
1978.19
1392.97
1808.39
1820.0
837.48
1676.0
1205.0
1870.26
1882.82
2066.29
1973.63
1160.5
1494.55
1134.36
1457.15
1731.29
1692.69
1371.59
977.55
1274.37
932.91
1327.07
804.0
979.77
1413.69
1400.0
1575.34
884.19
1258.11
1153.96
1150.9
1193.86
871.99
1054.74
631.69
1159.17
1024.81
1505.23
855.0
794.01
1429.98
1499.3
1092.08
1254.47
1603.35
1119.63
1081.08
576.44
682.75
696.86
1970.8
1340.34
803.07
710.95
651.5
1007.45
1105.81
667.76
885.5
1316.01
1485.91
895.5
1008.81
1371.57
655.61
835.57
1162.54
1851.89
1089.91
634.78
1158.74
678.75
726.12
1338.07
1418.18
627.79
774.6
738.02
1150.45
1705.92
1414.82
614.84
1643.33
1544.48
782.58
797.49
1109.21
1090.59
1129.17
1423.56
1327.36
1370.3
1101.72
1364.72
650.29
738.22
1241.07
755.61
1037.97
1262.15
551.86
1187.85
809.43
1962.58
548.63
850.48
1327.51
691.41
1016.61
683.7
1359.67
1897.12
1128.99
1414.36
861.64
1140.09
1633.6
1040.5
220.15
503.63
694.13
380.86
104.19
502.77
526.79
591.0
748.71
195.36
587.81
862.5
934.0
338.51
204.71
885.06
520.5
1014.9
476.5
665.34
97.37
696.5
890.0
412.58
443.18
760.63
354.65
481.0
911.61
488.5
302.28
565.94
708.74
265.0
1231.66
800.0
384.47
875.0
503.13
940.5
992.0
210.2
189.45
516.5
741.9
544.5
501.89
818.15
195.55
315.94
351.04
426.26
663.14
1196.74
697.65
818.31
774.63
517.98
844.16
892.41
850.02
838.11
794.76
1329.76
555.28
931.41
1178.94
1223.34
384.27
782.51
1063.49
1213.99
1109.46
761.71
959.92
1156.19
1090.43
814.3
493.73
243.86
744.29
357.76
417.91
754.16
645.34
1141.69
878.12
818.88
1130.9
543.22
565.54
531.77
818.29
503.7
386.34
1147.53
844.11
783.85
889.25
1015.54
863.78
657.88
340.07
1039.83
-106.74
961.25
639.0
865.48
597.74
831.45
793.36
671.03
499.56
539.32
821.42
764.32
1298.56
837.64
528.41
1018.21
917.79
1257.34
498.44
620.64
504.52
633.7
761.26
817.9
391.57
683.41
969.65
863.64
628.41
373.26
766.85
1090.0
404.35
1037.44
624.68
893.43
1113.94
807.42
285.99
527.47
485.7
1224.91
1069.79
489.75
946.97
1451.28
1122.07
1304.57
1444.06
1102.62
471.96
739.85
786.2
1193.63
1385.4
803.66
1378.29
946.34
698.3
1410.09
787.28
740.25
599.79
932.45
1406.37
636.81
630.47
867.07
1540.11
1189.61
797.57
1442.64
735.74
1321.58
652.89
695.04
1119.94
619.26
643.07
839.05
1477.17
1407.55
957.62
1113.38
1319.18
1495.77
960.47
1035.61
1529.06
829.91
976.64
1376.25
1298.54
833.09
1162.11
1430.46
845.39
1591.69
1347.63
577.66
1391.76
848.88
605.16
794.99
1489.38
898.21
1248.04
1054.64
1528.22
1395.39
858.47
1098.79
1167.3
1374.46
707.68
1548.31
530.24
1349.55
491.99
935.16
1188.85
1425.54
801.27
1526.64
1048.45
852.42
388.09
794.43
1452.02
911.4
689.49
1472.59
1378.05
791.78
1495.17
569.52
1143.88
858.75
986.0
1024.13
1143.59
697.79
1328.66
1461.02
767.75
1937.05
2128.14
2036.89
1930.04
1784.4
2034.87
1977.29
1894.96
2006.6
2001.58
1988.74
1883.63
1810.2
1904.41
1883.66
1932.85
1839.58
1979.43
1900.92
1870.5
1798.91
1864.81
2041.19
2000.63
1975.41
1799.71
2058.23
2070.66
1808.83
2075.65
1879.46
1798.14
1867.1
1891.32
2030.93
1755.48
1836.41
1970.29
1916.8
1819.41
1846.67
1995.0
1884.39
1817.1
1848.23
1958.95
1938.18
1751.09
2172.72
1990.73
1854.57
1945.49
1756.91
2002.9
2042.2
1825.45
2003.77
2057.78
1853.1
1745.44
1797.05
1902.63
1779.5
1922.1
1998.73
1865.17
1863.38
1783.58
2025.76
1838.23
2103.46
2085.3
1972.83
1894.33
1839.53
2084.43
1924.63
2070.39
1969.12
1846.22
1964.41
1927.34
1808.16
1908.16
1503.12
1942.96
1932.38
1941.86
1834.72
2036.19
1409.79
2048.69
2138.15
1867.77
2010.88
1808.45
1972.22
2003.76
1338.71
1890.45
1344.47
1178.57
1056.0
1852.97
1507.61
861.2
1331.47
1421.27
658.08
1354.0
2017.59
1529.63
1816.79
1753.71
1546.96
2046.72
1782.93
1823.17
1744.69
1613.0
1368.47
2091.8
1822.49
1911.36
1619.31
1484.98
1568.56
817.21
1951.6
1516.14
1689.82
1541.77
1835.53
1081.3
1551.44
2014.56
748.0
1873.2
1633.4
425.5
1952.85
1968.22
1185.06
720.03
1317.53
1804.77
1876.98
828.0
1568.01
1435.34
1038.82
1406.61
1344.0
2018.13
1541.93
1021.07
1497.86
1904.56
1357.08
1858.82
1375.19
1150.5
745.4
160.62
1331.91
1316.41
1254.5
1971.56
1354.17
895.0
1516.04
1372.84
1410.35
491.0
1563.58
1609.63
1526.81
1735.85
664.95
1560.71
1384.0
1069.5
1489.71
1959.87
551.37
1661.5
1404.35
1617.04
992.32
1783.76
2114.48
801.53
1429.44
1346.63
1508.43
1745.84
1760.4
1251.22
1020.55
1259.94
1562.54
1814.88
1573.08
1776.74
1905.72
1828.39
1857.06
1741.9
1312.4
1763.94
1560.0
1196.52
1294.5
1431.95
1431.92
1343.71
1547.68
1441.28
1467.07
1625.09
1042.0
1651.91
1766.33
1244.23
1245.43
2039.63
1314.5
1657.68
1593.8
1938.9
452.79
1397.66
1350.31
1090.59
660.09
1466.45
1047.84
1180.08
1721.9
1254.07
728.87
1385.12
870.6
1928.39
1143.43
1939.73
1958.5
1134.36
844.74
1663.43
1716.96
1569.78
1929.48
2126.15
1577.9
718.04
1683.79
676.21
1293.04
1853.53
1819.9
978.5
588.51
1339.22
1583.71
1142.01
870.0
1678.98
1517.37
1963.4
1856.35
1846.67
1029.98
1934.39
1374.77
1454.64
1767.3
1927.31
1639.89
1692.77
1019.93
1817.32
1869.76
1551.51
1605.09
1443.36
514.66
1013.02
783.28
1497.92
1981.09
1859.8
1405.09
1428.55
1127.21
1510.05
1778.35
1750.65
1341.18
1791.47
1535.72
1358.4
1906.96
1539.11
1093.49
1685.86
1406.23
1527.36
1610.8
1984.9
1495.21
1713.72
1716.86
1497.95
1655.73
2107.82
1830.14
2052.62
1542.4
1110.38
1122.23
2152.53
1885.96
1963.94
1415.83
1692.51
954.78
521.62
1476.4
1615.64
1220.41
1128.86
1335.81
1926.61
1914.8
1670.01
1841.02
2044.51
2037.13
1822.78
1580.11
1629.26
1826.14
1502.69
2041.97
1640.62
1293.49
1868.94
1724.37
1895.34
670.06
783.47
1941.34
1475.93
1763.25
2030.87
1655.45
1905.72
1637.7
1993.44
1449.5
1826.48
764.03
1413.02
1697.83
1286.94
1303.17
1486.69
1211.5
1883.16
1460.43
1072.5
1625.28
1774.55
892.5
1378.0
1701.92
1837.5
1834.7
1448.44
1061.84
982.32
973.98
1464.81
1397.25
864.74
1374.73
1081.38
1203.7
1810.63
1523.71
1055.86
1357.19
1295.45
1132.63
1598.0
658.58
1481.0
1244.0
1766.24
871.0
1532.5
920.08
1876.36
1467.36
1466.68
1781.43
1772.96
928.5
1884.86
1705.29
1158.0
1326.0
1661.63
1593.92
1220.72
1767.45
1655.09
1684.62
1638.04
1023.81
1658.88
718.87
1481.19
1323.86
1602.62
1162.5
1596.17
1831.34
1050.58
1465.04
1489.0
1894.31
1658.83
1491.17
588.34
1324.85
1932.82
1658.28
895.71
1801.5
1440.23
1267.68
1888.65
1473.64
1420.16
526.25
1187.0
1790.18
1661.97
1013.78
1075.9
1892.09
1172.98
1714.5
1783.11
1684.18
1457.52
915.38
1840.02
1626.81
1692.79
1840.36
1515.5
1517.34
1685.88
1873.8
771.25
1730.26
1669.16
1548.37
1519.33
1790.1
808.55
1634.68
1579.03
1911.82
1926.4
1629.54
1733.62
1495.79
1839.84
1734.58
1062.78
1061.77
1269.7
1202.84
1559.01
1834.98
1990.35
1502.94
1208.72
1446.5
1239.86
1536.47
1156.71
1958.59
1724.41
1798.09
1299.16
1663.56
1575.91
279.0
2061.27
1348.68
1645.98
1630.76
1911.47
1863.91
941.21
682.0
1185.18
815.31
1747.44
1323.22
1855.69
485.3
1388.84
1718.83
1566.11
1567.39
1468.36
1288.98
1753.44
1165.5
1674.32
1588.31
1542.67
1963.14
1678.87
780.5
1586.56
637.59
1717.82
1461.9
1815.96
844.62
1503.83
1308.64
1122.0
1679.99
1102.5
1649.35
1671.27
1595.88
1956.77
1806.93
1465.93
1334.5
1241.0
1724.17
1303.91
1585.51
1297.85
767.3
1129.47
1350.39
1048.55
1800.28
1319.83
2078.54
541.33
1825.5
1454.73
1838.7
1664.58
408.39
1076.0
1769.58
612.34
1099.41
1541.24
1501.46
1728.0
1385.86
1778.88
1329.11
1752.16
855.0
1605.22
1492.85
1150.5
1538.94
1511.18
1625.07
449.27
1297.0
786.46
1404.37
1596.44
1000.73
1218.64
873.79
1036.37
1154.14
1553.68
1900.94
1914.03
1903.39
1343.92
1974.33
1810.02
1022.86
1283.78
775.71
1189.68
1523.02
1178.33
1804.18
1912.49
1519.32
828.6
1631.38
1321.5
1672.68
1731.58
1968.2
1284.17
1901.37
845.57
1615.37
1273.63
1122.96
1619.77
1383.33
1606.92
1807.83
986.44
1397.0
1548.83
865.41
1611.55
1340.65
962.89
1806.13
1507.43
2121.64
1219.45
520.65
1307.0
1507.28
1883.26
1784.77
1744.14
1415.27
1098.25
1718.04
1759.61
1380.87
1460.55
1960.57
1347.23
1605.08
1457.93
1659.03
1811.38
1797.25
1922.14
1251.74
1057.87
1298.0
1423.23
1631.38
1174.5
1872.39
1501.1
831.75
1572.77
1985.61
1470.08
1232.0
1037.5
1474.58
1360.0
888.0
1374.49
831.48
1496.7
1264.77
1246.48
1632.85
1124.5
1371.63
1336.5
1231.75
1545.66
1667.03
768.5
1714.42
1210.55
603.77
1116.4
941.96
1480.78
1148.0
1592.27
1308.83
1458.82
987.57
1747.58
1249.0
1670.05
1187.99
1604.49
1907.17
2110.75
1673.0
1354.0
612.05
1734.54
1546.92
1458.42
1354.38
1607.1
1900.31
1529.31
1470.02
1505.45
1050.97
2034.38
1830.04
1873.18
1149.49
1471.19
1666.68
1616.27
1460.63
781.77
1858.42
1490.54
1790.22
1373.75
1157.5
1711.11
1886.2
1347.36
1937.24
1530.66
1541.22
820.0
1507.21
2094.1
1502.03
1689.93
1955.54
1668.13
1481.78
1843.25
1497.19
1535.93
1514.86
1538.42
1603.14
2018.73
966.5
736.1
1834.39
1543.73
1333.5
439.5
1358.6
887.5
1029.46
1864.89
951.58
1524.43
1738.48
1728.26
1436.35
1851.39
1408.24
1194.0
1497.73
1887.34
1584.28
1645.46
1188.55
1561.0
900.11
1532.52
1575.69
1300.32
1476.07
1696.68
1588.41
1226.26
1729.32
1528.44
1675.24
1877.63
1189.67
1924.54
1480.06
1807.9
949.67
1933.01
1614.84
1957.24
1250.61
1129.0
1952.2
1820.9
1574.67
978.59
1417.48
1835.1
1557.8
1623.47
1438.56
453.01
1740.01
1216.7
1379.9
1388.21
2110.86
1311.02
1447.93
1687.68
1162.0
702.11
1448.07
1463.15
1417.56
1525.05
1126.87
1077.67
1514.4
1428.7
1446.49
1471.21
1903.02
1740.19
1271.04
1054.45
1568.04
1798.03
1679.89
1383.34
1493.06
727.0
1611.0
1247.0
731.76
1303.65
1687.5
1620.43
1821.74
1364.69
1746.64
940.0
1595.83
1844.19
1120.65
1972.52
1304.76
1811.71
652.51
598.36
1572.91
1132.19
1767.7
1225.49
1814.7
1712.71
1468.81
1617.69
1203.33
1011.82
1772.44
1660.54
662.5
1204.66
814.36
1102.76
959.09
1463.66
1461.24
1590.26
1987.96
717.58
876.32
628.47
1420.5
1066.5
1542.71
1165.0
2122.32
1599.42
267.0
1501.41
1290.11
686.5
1242.5
1433.8
1038.68
1803.92
1335.38
1659.08
834.06
444.13
1469.16
1204.0
1534.11
1573.06
1185.94
1688.9
422.28
601.25
1690.96
1705.12
787.0
910.99
1133.93
1437.07
1540.43
1417.7
1759.54
379.22
1322.52
811.4
1543.86
1615.61
1846.67
1668.32
1531.13
1916.71
1417.37
1951.97
1220.25
1550.24
1130.0
1532.24
1526.0
841.46
1590.75
1705.59
1634.6
1752.76
1477.83
1676.42
1480.56
1333.0
1337.42
1214.35
1115.0
1801.64
1611.97
1499.58
1401.99
2070.04
1834.61
1765.07
438.74
1278.5
1220.08
2041.72
1540.94
1063.85
1546.69
944.33
1940.92
1739.86
2046.12
1603.02
1513.7
1007.0
1946.67
1715.03
38.76
1349.21
1000.22
1340.43
1611.88
1470.46
1478.88
1721.48
1431.48
1859.94
1347.05
1093.25
1013.59
1650.23
801.56
1445.98
1524.95
1018.64
599.29
875.77
1295.17
1111.78
1669.28
1103.5
1810.89
1758.29
660.66
1522.0
1470.13
1523.88
1287.27
1295.09
1763.88
1532.04
1893.3
2085.39
1886.41
1567.86
1393.41
1202.5
1447.46
1528.97
1744.0
1799.16
539.17
1828.18
1920.62
1905.48
1727.96
1333.85
1351.25
1162.91
1190.22
1782.76
733.92
339.04
1077.58
559.04
1463.0
1056.0
958.21
750.57
1086.0
1542.9
1463.06
733.5
1340.0
1903.47
1039.2
1786.1
1844.49
1458.36
1669.11
433.0
1477.58
1521.96
975.68
1273.05
1465.73
1222.05
1939.93
970.1
1500.44
767.25
2160.77
1228.44
1946.13
1348.0
1450.68
1227.87
1637.01
765.17
1364.24
524.7
1345.42
1767.67
1866.34
657.04
1724.24
692.17
1111.55
1116.26
1240.0
1709.48
1391.52
1533.48
1468.73
942.66
804.5
1177.4
1878.3
1835.92
1260.0
2082.93
1844.88
1662.09
1019.03
1619.64
1420.74
844.42
1727.4
1226.81
1823.41
1637.5
1400.4
1662.94
1535.5
1430.34
1677.1
1710.8
1590.81
1504.96
1220.52
1556.78
1789.68
1025.9
1749.42
1195.18
1080.0
1593.02
1589.32
1974.14
1141.0
1318.0
1257.5
1146.66
1850.16
1234.96
1952.11
596.85
1350.16
1449.05
1398.0
1496.45
1810.54
1927.78
1519.86
1219.43
1297.2
1689.27
2058.93
522.02
1894.59
815.0
1066.75
1719.26
1170.0
1465.2
527.47
1867.67
1526.16
1915.35
1971.76
1447.18
1662.03
1506.0
1973.83
1655.02
1449.32
937.66
992.0
1619.78
835.01
1803.37
1407.64
1355.28
2154.99
1596.71
1653.95
1551.92
1169.69
1778.18
1689.11
1914.76
612.41
1184.0
1068.64
1479.32
1817.44
1709.09
1479.67
1869.34
1660.26
1527.68
1673.57
1756.38
1525.38
1948.2
1163.0
1402.41
1024.37
1700.7
1252.05
1742.12
675.51
1402.94
923.5
1219.28
1283.59
1184.29
487.66
1419.54
1367.1
1615.65
1149.18
688.38
1157.82
1625.27
126.67
702.12
1633.25
1760.09
1528.5
1754.7
1731.88
1723.42
1639.89
1636.97
1686.72
1367.59
1800.37
1610.02
1209.1
761.97
1247.5
1163.64
1566.14
575.21
1520.31
1841.7
1760.14
1367.64
1447.19
1076.5
1698.21
2094.14
1453.07
1291.14
1785.59
1163.63
1340.03
1520.34
1720.66
975.32
1143.71
1865.45
1949.29
2051.61
1477.01
1599.96
1825.96
1746.2
1917.18
1623.69
1582.91
1732.37
1402.79
1803.79
1347.72
1641.68
1405.39
1521.49
1513.41
1503.81
1098.5
686.45
1748.3
1617.4
1200.04
1119.39
1219.0
1510.81
1145.27
619.81
727.0
1549.32
1737.15
1518.65
1522.1
1945.14
1915.77
1983.79
1273.62
1558.13
1061.0
1342.96
1075.32
1798.36
648.27
1813.17
1069.15
1693.16
1411.39
1352.76
1589.74
1042.36
1487.08
1711.95
767.05
1364.28
1263.11
1527.5
1581.0
1620.34
870.0
1389.24
1515.08
212.5
791.5
1974.62
1534.16
820.8
1326.0
1811.4
693.44
722.56
1878.61
1718.6
1549.35
1924.79
1919.66
1287.06
1526.98
1483.0
1833.52
1265.09
1594.05
1637.93
2009.4
663.0
1744.12
1186.93
1510.05
1519.82
951.5
1362.5
1565.65
1525.53
905.04
1466.39
1902.67
1568.46
1054.5
1543.16
1485.02
1604.72
1895.56
1844.16
549.57
-204.45
913.82
1671.06
1755.98
1374.79
1656.28
1520.8
1781.02
1680.15
1792.7
621.61
1845.73
1861.31
1577.42
1704.82
1947.24
1382.77
1859.31
1452.48
1213.15
1403.46
1030.63
1615.44
1524.35
1759.55
1225.83
1530.15
339.38
1868.63
1469.48
1377.02
523.5
892.5
1823.07
1574.04
1708.29
1167.5
1829.38
1381.2
916.05
1802.21
1395.5
1061.41
683.61
1216.69
1897.09
1977.64
1408.83
624.83
1398.5
1075.66
1055.35
1711.28
1355.0
1469.72
1365.17
1481.45
1413.67
1831.56
869.83
1449.81
1830.74
1673.66
444.78
1945.74
1486.62
2094.85
1746.65
922.93
1135.94
677.52
1774.65
1687.17
781.95
1173.98
1710.17
596.54
1175.55
872.0
1584.61
1537.43
2082.38
944.05
1366.0
1157.77
1480.02
1898.58
678.46
1886.78
1396.85
1464.66
838.5
1623.23
1527.43
1871.46
1768.83
738.08
1670.31
1193.5
1840.7
1403.72
1643.63
1738.25
853.5
1162.7
1139.0
1014.9
1458.95
1497.54
1674.64
1472.27
1526.88
1516.48
1191.1
1382.79
1477.71
1929.49
1291.5
1886.3
1569.98
1678.64
1451.22
1265.5
1495.85
1952.34
1747.74
1010.0
1549.11
1508.29
2000.83
1644.8
1832.36
1714.24
1401.45
1550.81
1631.95
1783.83
1090.91
1586.91
985.84
1725.9
1866.62
493.33
1612.1
1872.44
1844.51
1474.89
1353.55
771.67
1209.49
1830.12
1300.5
1772.37
1212.0
834.58
1492.8
1525.87
1413.52
1770.99
1287.5
444.8
905.41
1762.76
1957.72
1864.08
1680.63
1972.17
1341.17
1567.25
1752.43
1655.47
1283.6
1469.46
1479.51
1719.09
1197.0
1562.07
1455.45
1162.5
901.4
690.0
1968.82
1224.36
1524.75
880.57
1116.4
1466.97
1706.4
1184.5
1382.52
1721.58
841.24
1867.2
1088.36
775.27
1752.98
1053.0
1697.63
1900.78
1140.0
1808.54
1974.15
1904.03
749.86
444.63
932.29
1549.99
1789.66
599.27
1803.71
1797.63
1275.29
1631.77
849.34
668.22
1720.82
919.0
149.92
1288.89
1949.17
1757.13
1591.29
1900.15
1551.88
1960.35
1683.57
1371.35
1352.58
1731.63
835.05
1503.87
1448.71
1780.05
1376.0
1663.07
1234.9
1569.24
1635.66
1440.32
1439.53
1199.56
1872.1
1063.03
1737.22
2043.68
839.99
1885.15
140.4
1948.32
1335.02
1740.33
1810.74
1037.62
1821.73
1980.77
1680.06
1646.67
694.03
1495.81
1765.47
1636.76
1358.39
1761.16
1136.24
1864.95
1648.54
1367.0
249.21
1873.58
482.77
331.64
1455.0
982.09
1817.38
1753.74
1471.74
1840.17
1624.93
1485.0
1541.27
1035.8
914.0
1703.26
1193.42
1612.79
1237.13
1485.74
1719.24
1688.36
1545.16
723.68
1045.16
1539.59
1830.37
1036.91
689.57
1276.31
1276.5
1321.85
1013.63
1714.93
1556.49
1744.88
811.94
1894.02
798.0
1986.4
1920.07
1420.4
1249.16
1520.7
944.0
1973.77
1371.5
962.76
1654.36
961.17
997.0
591.32
1045.0
500.5
2010.11
1888.19
1595.04
1278.94
1166.5
643.69
1509.51
1716.67
1170.5
473.43
1710.08
1687.35
572.5
1388.66
864.77
944.2
1268.36
1970.75
617.09
556.24
1281.46
1858.99
1523.03
1908.2
1902.65
1297.25
1666.65
1894.14
1283.91
1019.0
1049.58
1709.98
1285.4
1614.0
1025.17
1560.5
1992.94
1705.61
1087.54
1846.09
1976.76
1407.49
1714.98
1491.53
1190.5
1910.68
1392.52
1288.77
1508.46
1723.92
1507.02
563.95
1497.73
925.0
1022.52
272.81
1656.42
1830.66
1769.37
1223.5
1468.1
1743.03
1955.28
1625.03
1154.64
1498.65
707.94
1852.61
1838.18
1119.57
1809.23
1236.89
1731.34
1950.01
1672.97
847.34
1108.5
1487.3
1821.6
1566.56
1178.89
1086.9
1341.15
1166.13
1808.49
1557.37
1821.93
1555.4
1083.0
1891.12
1457.83
1638.77
1153.5
1532.56
1084.49
1050.0
1520.17
1648.7
1583.22
1539.67
1826.31
1313.5
823.3
1008.75
1747.85
1612.01
1698.14
1366.85
1448.0
1343.2
804.5
1953.38
1103.57
1965.28
920.73
1703.7
597.46
1539.45
1225.25
929.41
393.98
1707.85
1723.52
682.45
1241.39
2023.25
1889.0
1245.41
1843.42
1534.25
1565.26
1628.43
1479.23
2214.28
1115.34
685.29
1995.2
1701.74
1425.48
1779.94
2178.73
1488.78
1562.54
1603.92
1416.16
1253.5
1305.47
1278.29
1675.78
1503.39
1934.43
1518.76
1541.91
1667.95
1688.29
818.02
1882.86
1143.0
1403.09
1403.54
1670.9
2033.08
598.19
1187.0
1418.05
1935.94
1761.38
1104.0
1969.25
1700.87
1652.41
1801.31
1043.0
1000.0
1865.7
493.91
1843.15
1904.79
1852.14
1744.93
1381.25
1514.29
1529.99
1775.66
328.92
1682.6
1145.0
1234.47
1880.12
1668.0
1250.96
1443.68
1688.37
1544.31
1494.8
1654.33
1410.5
1863.82
853.5
1553.0
1144.42
1161.5
704.37
759.09
914.78
1644.31
622.99
1565.61
916.72
1541.43
1863.09
1915.94
1525.48
1875.59
1490.67
1374.45
1770.53
1868.73
1154.75
544.17
1184.0
1904.42
1630.99
1848.13
2038.56
702.48
669.6
1760.07
1139.41
1797.58
1018.0
1821.24
1337.0
1628.52
1334.56
1350.5
1370.49
1434.03
1879.34
1289.34
2015.61
1506.93
1473.36
1575.41
1456.9
1864.58
1745.42
1546.17
1163.28
2089.55
1189.36
824.9
1669.5
1335.81
1635.68
914.15
1344.88
1352.5
1621.98
1704.69
1970.2
1304.95
1448.34
1526.14
564.0
1708.21
1593.72
1828.35
1893.62
604.28
557.25
1646.22
1850.76
1131.33
1863.74
852.26
1190.0
1401.75
739.65
2215.71
1422.68
1111.61
1893.46
1370.23
1454.69
1067.0
726.7
1459.03
1564.31
1796.2
1495.23
1537.55
1645.9
1285.0
1844.99
1641.43
1462.36
1846.98
414.95
1721.29
1262.76
1679.71
579.08
762.12
1873.16
1846.38
1399.5
1121.5
1524.19
1868.58
1704.54
1398.79
1647.8
1723.9
1274.89
1744.3
1636.3
1495.06
1280.5
1279.88
897.26
1795.94
1961.85
1521.76
1911.91
2143.22
1815.42
1623.06
1709.72
804.65
955.0
1467.6
808.19
1481.05
1475.4
1893.44
1141.03
1847.49
1761.83
1607.49
1720.09
1580.27
1784.73
84.76
970.57
721.27
1442.26
828.0
1975.37
1177.0
2150.95
1650.47
1499.5
1142.57
411.28
863.66
1654.76
1618.87
1657.8
991.55
876.43
1427.11
1296.15
1586.6
1063.03
872.44
1583.78
1558.75
1948.01
1022.99
1330.22
522.3
715.73
1648.6
1435.19
1877.42
1506.73
1594.62
1526.36
1829.83
1391.93
1151.97
1941.65
1505.88
1573.32
586.68
1503.31
1697.06
356.3
1871.51
1853.24
1142.37
1470.04
1059.75
1766.68
1189.89
1606.12
1487.61
1547.27
750.45
1704.54
1557.67
1596.63
958.72
1171.5
1911.76
682.5
1750.18
1953.17
941.54
1440.92
1933.76
1617.47
866.27
1819.34
1232.54
1213.14
1137.92
1813.07
1016.76
1292.89
1953.1
1618.96
1246.52
1643.73
1677.24
1336.01
1108.3
1517.88
1120.69
876.5
1433.5
1489.21
421.53
1643.94
391.89
1504.39
1280.99
1780.89
1721.51
1824.69
1456.99
1581.36
438.67
1022.0
1512.56
1849.38
1243.75
1624.24
1841.81
1143.81
1414.12
1431.26
1204.6
1584.01
412.56
2160.95
1431.41
933.67
773.8
742.0
1881.83
1400.73
1451.55
1972.61
1763.44
1303.04
1609.11
1536.89
1041.45
1823.88
1659.38
1562.33
1608.79
1475.85
2013.97
1508.19
1732.46
1048.64
982.5
1698.17
1786.92
1436.98
1007.28
2069.56
1426.7
1844.62
1753.03
1688.51
1481.19
1171.12
1570.24
1315.06
1884.57
1231.82
1720.83
1693.16
1575.62
2022.86
1325.27
1433.85
1615.24
1684.44
1464.81
908.05
1207.83
1632.35
1510.19
1823.78
1595.55
1253.77
963.34
1173.33
1139.5
1849.95
1553.02
1258.3
1796.78
1434.36
1716.9
1949.18
1889.56
1591.66
1617.21
1677.28
1233.08
489.39
1744.4
1994.53
1802.27
1648.96
2164.77
1739.19
1781.22
1386.5
1191.0
1311.84
1748.86
1584.05
1613.86
1194.07
1644.83
1674.59
1116.0
1870.8
1417.02
1904.99
2074.77
1233.28
891.5
1606.33
1834.78
1802.72
1736.77
1174.56
1997.72
1773.76
1905.55
1337.09
1723.89
1918.74
396.19
692.75
1403.3
917.46
1444.12
1071.36
1720.96
1093.82
1237.5
1291.5
1204.25
1671.36
1695.45
1343.64
1170.81
1736.48
1198.61
1497.23
1097.5
1927.42
1505.54
1519.96
1339.73
1502.38
1771.08
1589.5
1244.24
453.41
1057.53
1638.17
914.01
1453.63
1543.2
1620.95
2177.0
1855.3
1723.5
1607.34
1677.46
1443.91
1948.89
1457.78
1577.79
1832.96
1920.48
1436.0
1719.28
1571.74
1542.94
1839.91
1143.5
1152.6
2052.57
1973.57
1442.5
937.59
1664.34
1994.65
1513.06
1648.47
1209.26
1913.02
910.0
1711.35
679.0
1281.08
1651.65
768.29
1522.56
1188.14
1878.27
1789.22
1715.3
1398.0
1100.52
1415.73
1880.38
1836.38
1499.66
1724.1
1317.08
1101.5
1678.16
1207.58
1638.26
1413.0
1502.1
1818.42
1915.7
1945.13
1504.46
936.5
1861.32
1274.59
1742.14
1370.85
1668.85
1186.51
1060.0
1214.72
1701.29
1461.46
1480.78
1125.76
1709.22
1609.52
1898.05
1975.18
1712.81
454.11
1433.16
1122.95
1420.57
2150.74
888.84
1636.96
1847.89
1160.07
1294.39
1863.96
1734.72
1519.27
1623.79
570.0
783.51
1207.94
1598.95
1658.93
1628.83
1609.65
1624.6
1505.04
1575.31
844.25
1663.44
1821.59
1913.48
1951.8
1780.49
1513.42
927.06
980.07
1583.31
779.9
1617.09
1564.02
1510.62
882.64
1633.86
1993.98
1053.28
1293.72
901.57
1160.0
1781.34
1304.86
1772.58
1880.27
1578.98
1092.5
1615.07
1174.0
1350.72
1645.82
1207.2
1658.03
1509.21
1103.89
914.55
1484.4
1050.5
1933.2
1307.01
1272.12
1660.01
1458.03
823.0
1250.45
1496.32
928.5
632.19
716.59
430.0
1372.23
1789.26
712.19
1596.13
1603.0
1670.04
1537.19
1718.19
1894.42
862.5
1512.25
2168.49
1594.32
1760.95
1352.63
1525.52
1758.05
1330.31
1320.07
1038.71
1588.27
1741.97
1454.25
1214.0
1668.99
787.43
1077.21
1064.55
1671.67
1049.0
1345.41
884.18
997.0
1406.82
1056.67
914.87
479.15
1663.68
1137.0
957.0
1891.28
777.01
1977.16
1349.11
1585.33
1829.29
1424.55
998.5
1811.67
1734.48
1795.01
676.25
1138.0
1171.19
1610.5
534.89
1496.91
1819.19
1472.89
1909.16
1240.84
1067.0
1677.15
1593.39
1930.04
1879.36
1473.35
1692.08
1886.17
730.61
1558.86
1195.5
1717.51
991.2
294.37
993.0
1332.47
1644.41
1918.39
998.98
1519.95
1668.0
1019.5
1379.96
1658.55
1488.93
1624.29
1836.08
986.5
1679.84
822.95
1744.15
1301.0
1238.63
1153.16
1963.94
1364.83
1311.15
1957.62
1686.41
1254.2
1928.66
1596.64
1649.15
1997.84
1765.11
1304.5
1514.36
1276.0
1616.72
1387.5
1700.48
1205.85
1668.24
1644.71
1898.12
1814.04
2138.66
2141.23
746.29
1515.83
1912.42
1575.47
773.5
822.12
1142.39
1997.47
1333.96
1354.87
1771.06
853.88
1637.31
1546.64
1754.07
491.2
1080.49
1740.57
1688.31
888.06
1143.44
1902.69
1740.71
1752.38
1869.41
1345.17
117.96
1967.92
1443.09
1348.0
2110.93
1422.28
1321.43
1216.43
1539.88
1765.43
1801.7
1788.07
1061.5
1709.29
1336.27
1646.5
1902.19
1497.0
1642.71
1445.62
1729.11
833.63
781.17
1220.49
1433.43
1722.56
1085.0
1881.27
1369.5
1499.36
1418.48
1532.0
1014.26
1188.55
1929.01
1869.11
1289.46
938.0
1140.29
1506.27
2108.64
911.77
1816.3
1413.43
2201.42
1446.78
1968.32
681.58
1646.44
1416.21
1201.57
1425.86
1125.66
921.41
1591.28
1221.53
1335.62
1597.23
1558.64
1728.46
1457.0
1485.17
1340.04
2198.75
1512.27
1595.64
1207.0
1202.28
1850.07
1584.56
1588.99
807.02
1413.59
1806.28
1661.56
1843.41
2009.94
922.06
1522.2
1772.72
1648.79
1206.0
1924.92
749.5
1518.73
1702.53
1540.55
1313.0
767.5
1257.55
1778.92
962.31
1585.48
1211.4
1519.31
1772.61
1254.81
1391.04
1564.36
1626.64
1701.9
392.0
1261.55
1154.5
1767.64
1869.03
519.66
1289.7
1308.09
1635.67
1899.57
1300.18
1842.5
1842.29
1097.58
1568.35
1978.75
1630.67
1561.0
1516.0
745.63
1847.17
1429.13
1373.61
1411.17
1747.56
1433.78
350.42
1572.1
1910.18
497.22
1516.89
1612.1
1632.0
1529.02
1025.5
736.13
1683.3
1672.11
1271.5
1247.19
1880.37
1089.12
1843.57
629.07
1599.38
853.77
1285.66
1475.99
1024.5
1047.0
1488.75
720.22
1870.45
1395.72
1282.95
1839.99
1306.93
1451.0
1576.24
1340.58
1382.46
1669.0
1240.13
1621.86
1032.5
692.0
1176.5
577.5
2028.6
1764.19
1223.95
1268.5
429.5
1364.0
1391.78
1422.64
1219.66
2098.95
1308.09
1360.84
1552.22
1814.19
1783.82
1727.25
1651.25
1350.76
1791.01
1872.22
1474.79
1626.58
1509.7
832.5
1674.84
1279.99
1128.76
1831.76
1903.74
1826.28
1183.78
1731.2
927.68
923.0
1873.71
1211.96
1576.79
511.66
1369.41
1747.31
607.2
1624.01
1758.75
1870.07
246.89
1650.5
1981.44
1992.1
749.0
1425.94
1605.46
1904.11
1704.1
2007.44
1429.92
1569.2
766.81
1588.31
1086.09
985.5
1478.16
-221.58
1852.38
672.65
720.04
1545.58
1339.12
2027.8
1340.19
1914.47
1921.82
961.0
1932.92
1375.0
1965.88
809.5
690.2
1600.12
1645.22
1643.19
664.07
1703.21
2098.34
1126.8
1200.0
760.32
1777.5
1842.35
1762.87
2033.47
1637.07
1554.79
618.05
1118.37
1772.92
2002.59
1725.31
1848.59
788.72
1665.81
1296.5
1958.55
1297.77
1346.57
1609.36
1261.43
868.59
1809.0
1560.5
1507.08
1973.05
1351.8
1267.67
1465.39
1974.46
850.5
1142.5
1959.91
1693.52
660.39
1619.81
1547.54
1512.68
1862.97
1851.82
1426.34
972.86
1751.39
1476.52
1165.73
800.0
1462.23
1059.2
1460.15
1336.91
1559.07
1903.85
1711.91
996.66
1666.09
1409.55
1241.34
1376.21
1866.84
1743.98
1621.41
1736.31
1362.19
1969.58
1792.02
1868.81
1839.05
1380.5
1622.5
1661.13
1242.6
1718.71
1705.07
1853.42
1503.92
1763.01
2063.21
655.37
1343.22
747.27
1757.38
1649.0
1656.35
1380.98
683.54
1351.9
1423.83
1455.34
1275.46
1785.51
1922.25
1232.12
1998.62
602.09
1525.19
1014.5
1652.4
1305.5
1115.4
1661.94
1522.79
1185.36
631.38
1461.37
1478.34
1516.94
1815.96
1697.07
1546.54
1764.13
1727.71
1423.96
1563.93
1388.44
1352.11
1503.75
1954.62
1027.52
989.25
1965.51
780.44
1803.13
1550.33
1541.64
1377.6
1756.87
1274.37
1849.62
1796.22
1131.23
1719.24
1120.43
732.2
1358.08
1102.0
1776.1
1887.33
1520.28
1473.75
1673.0
286.26
1651.42
1194.17
1326.0
1706.31
1217.5
1069.5
1709.11
930.02
1572.5
1781.45
700.85
1528.52
712.38
786.5
1437.57
1627.66
1286.92
1151.4
1620.52
710.78
2002.03
1694.21
1657.02
1684.74
1436.0
1458.54
757.81
1790.9
1850.11
796.5
747.21
1045.0
1767.25
1816.33
1204.64
2008.95
1425.5
1331.68
1949.68
1147.11
1940.5
971.0
1416.93
1592.23
1091.5
1874.26
1279.03
1231.5
1739.34
1390.38
1225.5
1796.92
2039.07
1134.47
1695.25
1149.47
1158.45
1338.67
1599.37
1301.04
1986.16
1687.43
1383.27
1235.0
860.95
1777.32
1706.6
1002.81
1454.79
1835.83
2147.09
747.09
1822.8
1680.69
803.0
332.81
1511.7
1381.13
1374.9
1147.5
1004.0
1604.07
1689.2
1477.17
1719.84
1638.37
1461.1
1055.32
1605.46
1048.59
1192.04
1547.4
1174.13
1064.39
771.46
1184.5
1808.39
2014.45
1815.55
1891.28
1198.95
1659.58
1517.48
1190.5
1339.87
1892.1
1180.2
1261.28
1624.19
2029.29
1554.76
1387.65
1508.11
1972.78
957.0
976.5
1413.13
1613.9
988.83
1011.76
1136.48
1397.0
1742.29
1437.33
1404.04
1788.95
1606.48
1630.5
280.97
380.27
1918.53
1751.03
998.0
1863.31
851.85
1239.0
707.06
1632.83
1223.83
1972.83
903.91
1539.79
1435.67
718.88
1861.9
1181.79
643.39
1339.23
1741.11
1670.94
1273.51
1928.73
1479.83
623.0
1818.19
2010.7
1403.64
2061.78
1271.25
2153.7
1246.22
1791.51
1204.0
1426.35
1087.0
1317.35
1611.19
1526.96
1267.82
1558.61
637.13
764.19
1481.21
1371.33
1926.92
1967.58
1641.82
790.34
1489.48
1140.15
999.5
1674.04
1055.85
1513.24
1517.5
1410.55
1312.9
1708.1
974.77
1112.5
1836.57
1332.19
1881.76
1083.38
859.5
1811.54
1179.5
1607.0
1714.07
1544.21
1283.8
219.27
1854.91
1562.0
1994.26
1347.03
1543.68
1475.5
1996.53
1756.38
1692.46
1577.06
1850.63
769.93
1925.68
1508.45
1502.69
1790.05
1806.69
1423.77
1382.51
1858.23
1784.27
1097.13
1749.4
1386.4
807.28
822.46
1607.14
1992.56
1214.35
342.03
1649.97
784.42
1573.04
1553.5
1103.0
1534.14
1508.05
1614.31
895.82
1725.48
1300.0
1160.5
1142.49
1560.72
1512.18
1581.43
706.99
1239.2
958.67
1828.0
1193.58
1529.02
1298.05
2091.98
1830.97
1345.5
1838.42
1249.69
1276.67
1527.46
1292.5
1441.8
1491.65
1367.49
744.14
1641.24
1394.79
1018.14
1968.16
1265.78
1805.31
1168.76
1443.04
1170.27
1897.76
1526.1
1898.71
1732.9
1602.97
1293.48
1026.35
1621.7
803.66
1387.33
1127.5
1338.0
1153.58
2002.3
1831.32
1521.8
1225.0
1177.0
1652.55
2094.06
1786.37
632.94
1227.44
1067.52
1583.15
1504.42
1379.4
1668.43
1512.64
327.54
1492.26
1853.81
1433.57
1635.1
1001.75
1815.79
1927.39
1179.5
510.14
2145.62
1302.5
1788.94
1747.56
1373.76
1956.12
1211.3
1648.5
1748.83
456.49
1353.26
348.64
1760.96
994.0
914.11
1839.75
2038.02
1024.0
1436.51
1552.56
2033.91
1787.88
326.57
1596.87
1081.5
1853.98
1376.1
2014.94
1915.8
2002.91
1427.7
1755.37
1265.24
1450.05
707.33
1770.19
1476.23
1004.17
1162.45
1671.2
1415.91
1723.29
331.12
1734.78
1733.09
1214.0
1135.93
783.03
1526.3
1115.39
1231.03
1293.69
1125.72
1605.81
1521.51
1081.13
1686.5
1584.1
1499.15
1606.58
1397.14
1801.25
1887.56
1173.22
1108.27
939.09
1581.17
984.5
685.31
1403.0
1001.5
1884.76
1390.46
1076.14
1826.4
1127.77
1938.42
1296.62
1394.5
1343.19
1061.85
1528.0
1525.5
1388.56
1817.4
957.0
1309.06
1469.63
1638.98
592.72
1466.27
1408.73
1026.28
1894.4
1841.63
1177.82
1370.99
732.31
1697.4
1786.71
1349.98
1290.03
737.16
1992.69
1216.4
2097.43
1212.33
1133.5
1951.51
1569.51
1511.9
1313.76
1144.29
1510.07
1399.5
1254.87
904.86
1396.65
1342.43
1605.5
1425.61
789.82
1401.59
1039.14
1350.1
1421.98
1702.21
1919.32
1174.73
1304.29
1956.18
1033.33
1645.33
1234.75
1635.29
1275.35
1250.83
1563.25
1617.83
1735.27
780.56
1199.67
1967.13
1735.77
1729.66
1431.0
1901.04
1804.14
1997.82
1601.86
1558.82
1549.65
1824.68
1426.29
1300.5
1416.98
1447.55
1361.21
837.5
1131.87
1811.28
1256.79
1636.72
1910.16
1347.27
1606.0
865.52
1561.8
1847.62
380.32
1466.08
1413.29
1525.38
1657.27
1195.86
1385.24
972.5
648.1
1354.51
1728.12
1919.27
1739.34
1775.53
1402.47
1688.14
1703.56
2022.65
886.93
1833.69
590.31
1029.0
1113.5
1528.73
1023.02
1588.87
1163.37
1585.11
1730.77
1774.12
1397.76
1447.4
1784.38
1223.98
1753.0
1936.56
1251.61
1050.41
1228.68
1773.21
1286.26
1411.45
869.97
955.42
1644.67
1816.45
1048.67
888.5
1208.78
1759.66
1385.71
1400.67
1005.26
1830.83
1572.29
1626.57
1667.63
1416.99
1290.69
764.76
1379.93
1101.5
832.54
1730.26
1520.23
1284.11
1972.34
1190.5
1289.09
998.99
938.82
1181.97
1260.01
1521.79
1492.7
891.78
1566.83
1796.7
1447.46
1311.17
1728.82
1504.14
1954.95
1313.5
1181.23
1369.16
1671.82
1335.18
1297.91
1671.49
1148.07
423.48
1681.96
1689.84
795.8
1218.72
1335.99
973.0
1636.77
1139.17
928.93
1283.11
1550.6
1624.68
1714.24
1783.98
1437.6
1482.56
1635.62
1724.48
1690.7
1980.51
1886.18
1676.69
1711.8
1367.5
1440.2
1295.84
1159.8
1721.98
1387.05
1186.38
1734.16
712.39
1713.26
1156.52
1033.86
1147.85
1960.8
1539.72
1472.06
1762.31
1400.7
1643.7
989.33
1399.41
1068.71
1483.7
1525.27
1016.62
1398.75
1501.42
1000.58
1299.72
1116.0
1578.9
1861.96
621.11
1362.5
811.51
1533.84
650.5
1254.88
868.37
1397.57
1545.42
2028.27
2002.4
1344.41
1509.63
785.92
934.28
1885.97
1605.41
1337.17
1427.94
1518.85
1276.64
1934.23
1592.04
1092.2
2046.28
2109.44
1946.43
1619.69
1553.04
828.62
1602.32
1286.05
1553.19
1501.21
982.64
488.27
1980.57
1401.62
809.5
1468.44
1598.53
1252.64
1587.4
1938.61
1076.09
749.31
1382.49
1713.87
763.5
675.48
539.5
1808.96
1712.17
1405.14
1889.98
1307.79
1925.48
1622.64
1424.92
1672.84
1951.23
1469.73
1355.5
1622.21
1073.0
756.48
1540.14
1586.3
1611.47
1551.31
996.43
1834.16
1875.53
1725.92
1954.69
1608.5
1765.32
1450.28
2142.68
1779.15
1248.73
862.71
818.93
1725.77
1137.5
1555.26
1707.84
1476.5
1347.5
1388.04
1341.92
1563.73
843.5
1332.12
1751.93
806.05
1266.33
1063.65
1696.95
1530.11
1196.76
784.03
1421.86
1466.49
1529.88
1492.66
1279.91
1652.63
1365.53
1500.3
1418.77
1860.9
972.59
1794.14
1734.22
1500.43
606.0
670.33
1879.61
1245.0
867.5
1566.33
1132.0
1741.37
1278.7
1752.05
1802.08
1716.28
1524.25
1871.19
1805.91
1383.5
1461.57
1452.11
1538.41
1058.02
1142.99
1532.4
1366.73
1257.69
1687.28
1701.22
1292.27
1529.14
1736.36
629.96
734.48
1787.06
1482.8
1387.85
1758.7
1668.93
1273.42
1074.35
1670.13
1370.49
961.0
1913.11
1465.76
1850.77
1520.09
1649.73
1248.0
1494.92
1773.92
1703.17
2107.19
962.88
624.0
1340.7
1630.5
949.0
759.09
1802.98
1224.65
1788.89
1233.32
1758.88
1829.74
1702.96
1179.0
1532.78
1717.29
1114.38
812.91
611.91
1274.48
1851.81
1613.34
760.38
1406.3
1556.34
1753.77
1531.19
1917.03
1968.6
1853.59
1488.7
1963.25
964.78
1109.15
628.34
1746.45
1513.47
1384.11
1534.72
1621.98
2031.64
1840.66
1790.15
1526.86
1365.92
1488.94
1743.82
1914.98
1971.64
1339.23
910.5
1621.72
1413.03
1355.5
1438.98
1432.26
1872.54
1171.53
1092.0
1407.48
489.47
1576.36
1545.65
1721.62
1445.87
1217.31
1196.5
1612.0
1038.6
591.28
1567.46
1003.5
1612.65
1020.0
1881.76
521.68
1957.95
1820.5
1707.06
1605.66
1922.24
1336.67
1731.69
456.49
1278.53
2105.46
1042.92
1285.5
1511.53
1561.81
517.58
1441.51
1453.15
1345.83
1874.17
1892.05
414.05
1515.32
480.93
1557.94
1373.87
1627.64
1465.8
1744.16
1952.57
528.2
245.29
1361.99
1207.41
1268.76
1431.0
876.16
1752.66
940.0
1842.34
1505.12
922.5
801.08
1203.8
1718.86
1710.89
775.54
1679.97
1536.37
1137.68
648.42
790.71
1484.75
1318.0
1212.0
1408.39
988.0
1652.96
654.07
1423.0
1762.43
1653.89
2065.09
1729.16
1397.54
867.52
1732.48
797.23
1568.11
1280.5
1563.96
1299.08
1290.97
1484.71
1553.03
1567.74
1549.11
1911.51
1827.86
1835.12
869.0
1802.39
1368.93
1522.6
1929.48
1646.79
1694.76
315.24
1204.2
1500.94
1905.26
1453.86
1815.97
1726.11
905.0
1587.74
1725.99
1828.31
1056.18
1136.0
864.29
1483.85
2116.58
1123.5
1783.25
1650.69
1235.92
755.5
1690.6
907.64
1467.02
497.76
1117.22
1235.0
1261.56
1762.19
1953.04
1048.0
1732.24
931.08
707.05
1551.5
1167.66
763.23
1572.36
1739.84
1244.1
1535.83
1296.0
1283.12
1566.53
1513.92
1072.41
1260.26
1492.5
416.72
554.38
1572.67
1224.51
1156.67
1008.65
1414.3
924.82
1075.5
1711.17
916.0
1043.0
1517.66
1713.46
1581.08
1267.0
1597.57
1569.25
1201.75
1459.81
1899.43
1476.12
1625.87
1797.51
1057.5
1670.68
1488.09
1776.09
1450.83
1302.32
1723.92
1375.67
1795.78
1976.83
1911.35
1868.1
1222.0
883.89
1590.66
1244.99
1468.99
1466.26
1080.47
1635.21
1930.95
1792.66
1952.28
1374.21
1007.14
1425.01
1740.54
1658.14
1744.8
594.5
1510.74
632.31
1269.06
1935.28
1552.4
1601.56
1189.5
1027.5
1694.7
1390.51
1517.0
1471.56
1326.84
1907.79
1647.11
681.68
1227.54
1783.12
1287.06
1534.5
1557.25
1439.68
1196.0
725.28
182.92
1809.17
993.35
1697.38
1853.9
1552.11
1518.43
1943.34
1054.0
1354.19
1484.85
1360.24
1388.5
689.41
1844.53
1677.85
1460.07
541.5
1189.03
1581.55
1611.65
1216.5
1819.3
933.66
731.39
1344.01
1255.77
1800.36
1383.74
1150.52
1945.67
2065.66
1806.65
1345.46
1075.29
675.36
1860.06
1459.55
1710.79
413.0
1776.5
1713.01
1716.56
1634.75
1753.63
1115.57
761.0
1735.93
1747.83
1681.18
1438.3
1213.28
1284.03
1170.72
881.32
1912.01
1088.45
1373.06
1431.7
1235.0
1163.94
1564.79
1906.76
1452.5
637.39
1449.44
1105.73
1611.61
1522.52
1375.0
1785.72
1498.04
1590.23
1996.35
1683.9
1279.5
1605.73
2119.0
1261.42
1621.95
1525.54
1209.37
835.21
1558.87
1073.1
1551.52
899.0
1374.13
1045.82
1309.95
1571.89
746.73
1413.5
1975.4
834.0
2067.86
1189.0
1167.15
1098.0
1663.37
1872.72
1418.96
1546.16
1303.39
1029.03
825.23
1879.08
1306.5
1878.42
1595.89
1712.74
1159.41
1521.88
1437.84
1890.66
1241.25
1608.5
1638.75
864.0
1852.56
1954.83
1874.72
1786.27
1821.07
1173.27
1712.43
330.76
1399.83
1132.52
1342.2
803.97
2023.69
1473.26
1446.12
1023.0
1914.21
950.04
139.0
1000.52
1280.5
1926.21
2017.95
1780.58
1721.23
1810.11
1237.4
1612.61
1044.81
1218.97
1455.65
949.5
985.5
1686.85
1218.15
739.75
1411.07
1717.13
1462.42
1670.8
1859.6
1247.5
1969.17
1629.69
1508.3
1709.28
1341.15
1156.28
810.76
1084.16
561.87
1633.4
1645.27
1706.63
1520.43
1396.5
1340.09
1286.12
598.06
1766.88
1724.86
1485.09
1827.06
1615.14
1375.54
2063.39
893.5
1440.0
923.36
1681.55
1441.72
1060.47
1148.41
1835.51
1737.93
1596.33
1391.68
804.65
1979.65
1063.5
1391.58
1589.39
1318.89
1491.05
1444.0
1414.02
1112.93
1062.0
1963.68
1574.87
853.23
1815.69
1331.65
1659.84
665.5
1840.81
1500.0
500.06
1116.58
1014.38
293.34
1414.07
1338.84
1391.84
1674.46
1474.74
1298.11
1696.24
2059.09
690.5
1575.68
738.75
1680.07
1417.81
1356.5
1498.22
1704.54
1894.22
1466.48
1442.51
1455.73
1141.9
1724.72
1429.79
1429.97
1245.92
1727.32
401.5
1005.82
1011.23
1042.5
1764.66
834.63
1112.68
1875.84
1491.34
1379.0
367.64
1288.85
1193.42
570.01
1161.55
837.27
1603.42
1620.13
1834.47
1443.08
1719.5
938.0
1631.85
1659.85
1628.27
1599.48
2071.66
1213.7
1120.84
1384.81
1208.25
1957.41
1771.57
1488.84
947.02
1636.89
979.5
1442.28
945.0
1777.6
1476.3
1249.58
1561.58
1719.77
2003.33
1566.69
-134.72
1556.38
1718.67
953.69
1093.27
1598.57
1586.93
1349.94
945.37
1849.07
1718.02
1652.62
2017.32
1943.54
1616.17
1311.93
1558.39
1662.98
1413.94
416.64
1564.82
1788.92
1391.14
1293.89
1726.13
727.5
615.0
700.14
1827.27
1264.03
